0.000000001 //заголовок
0.000000000
0.000000000
0.000000000
0.000000000
0.000000000
0.000000000
0.000000000
1.000000000
0.000000000
-1.762764931
-3.1514847038785864E24
0.157402202
0.000000000
-1.329999924
0.000000000
0.000000000
2687971840.000000000
0.000000009
0.000000000
0.000000000
0.000000011
0.000010564
0.000000000
0.000000000
0.000197721
0.000000164
0.000000000
0.000000000
0.000000000
0.000000000
1.74400429733992285E28
0.000000000
0.000000000
0.000000000
0.000000000
0.000000000
0.000000000
0.000000000
0.000000000
0.000000000 // Data ->
1.201403737
0.151368260
-1.228128910
0.642465055
0.883666277
-1.084804535....