0.000000001   // Похоже на заголовок файла (41 строка)
0.000000000
0.000000000
0.000000000
0.000000000
0.000000000
0.000000000
0.000000000
10.000000000
0.000000000
-2.312500000
-1.88909656517717734E26
0.539899945
0.000003105
-2.312504292
0.000000000
0.000000000
2687774976.000000000
0.000000009
0.000000000
0.000000000
0.000000043
0.000000675
0.000000000
0.000000000
0.000049430
0.000000164
0.000000000
0.000000000
0.000000000
0.000000000
1.74400807523310915E28
0.000000000
0.000000000
0.000000000
0.000000000
0.000000000
0.000000000
0.000000000
0.000000000
0.000000000    //Дальше пошла Data -->
-0.002696387
-0.042150110
0.021674028
0.020817770
-0.010205109
0.003297418
-0.012444552.......

// Похоже на белый шум :)