11010011  7
11100110  8
11010011  7
00001000 \
00001000  |
00001000  |
00001000  | 
00001000  | старт (?)
00001000  |
00001000  |
00001000 /
10110011  
11010011  7
10000110
10101010  5
10010101
10011111  4
11101100
01011000  1
10110011
11010011  7
10000110
10101010  5
10010101
10011111  4
11101100
01011000  1
10110011
11010011  7
10000110
10101010  5
10010101
10011111  4
11101100
01011000  1
10110011
11010011  7
10000110
10101010  5
10010101
10011111  4
11101100
01011000  1
10110011
11010011  7
10000110
10101010  5
10010101
10011111  4
11101100
01011000  1
00111101  пробел
00111101  пробел
10000011
00011101
10100101
00111101  пробел
11001111
00111101  пробел
11101001
00111101  пробел
00011011
00001000  старт (?)
01010111
01001011  0
01001011  0
01001011  0
01001011  0
01001011  0
00111101  пробел
01001011  0
01001011  0
01001011  0
01001011  0
01001011  0
00111101  пробел
01111110  2
11100110  8
11010011  7
10111001  6
11010011  7
00111101  пробел
01111110  2
10011111  4
01011000  1
01001011  0
11100110  8
00111101  пробел
11100110  8
11100110  8
01011000  1
01111110  2
01001011  0
00111101  пробел
01111110  2
11010011  7
10111001  6
10101010  5
11110101  9
00111101  пробел
10101010  5
01011000  1
11110101  9
01001011  0
10101010  5
00111101  пробел
11100110  8
10101010  5
10111001  6
11100110  8
11010011  7
00111101  пробел
10001100  3
01111110  2
10101010  5
11010011  7
10111001  6
00111101  пробел
10001100  3
11010011  7
10001100  3
01111110  2
11100110  8
00111101  пробел
10111001  6
10101010  5
10111001  6
11110101  9
10111001  6
00111101  пробел
10111001  6
10011111  4
10101010  5
11100110  8
10001100  3
00111101  пробел
11110101  9
10011111  4
10001100  3
01111110  2
01011000  1
00111101  пробел
10101010  5
01011000  1
01011000  1
11110101  9
10101010  5
00111101  пробел
10111001  6
01011000  1
10111001  6
01111110  2
10011111  4
00111101  пробел
10001100  3
01001011  0
01011000  1
10011111  4
10011111  4
00111101  пробел
01111110  2
01001011  0
10101010  5
01011000  1
01111110  2
00111101  пробел
01111110  2
01001011  0
10101010  5
11110101  9
01011000  1
00111101  пробел
01111110  2
10001100  3
10011111  4
01001011  0
10001100  3
00111101  пробел
10101010  5
10111001  6
10111001  6
11100110  8
10001100  3
00111101  пробел
11110101  9
10111001  6
01111110  2
01011000  1
10101010  5
00111101  пробел
01001011  0
01111110  2
10111001  6
11100110  8
11100110  8
00111101  пробел
01001011  0
11100110  8
11010011  7
11110101  9
10001100  3
00111101  пробел
01011000  1
01001011  0
10101010  5
10011111  4
10101010  5
00111101  пробел
01001011  0
10001100  3
11110101  9
01011000  1
01111110  2
00111101  пробел
11100110  8
01111110  2
01011000  1
10101010  5
01001011  0
00111101  пробел
10001100  3
01001011  0
01011000  1
01011000  1
11100110  8
00111101  пробел
01011000  1
10101010  5
11100110  8
01001011  0
10111001  6
00111101  пробел
10111001  6
01001011  0
01011000  1
10001100  3
10001100  3
00111101  пробел
11010011  7
01111110  2
01011000  1
01111110  2
10001100  3
00111101  пробел
10101010  5
01011000  1
01111110  2
11100110  8
10011111  4
00111101  пробел
10101010  5
11110101  9
01011000  1
01111110  2
11010011  7
00111101  пробел
11100110  8
01111110  2
01011000  1
01011000  1
11110101  9
00111101  пробел
01001011  0
01001011  0
01001011  0
01001011  0
01001011  0
00111101  пробел
01001011  0
01001011  0
01001011  0
01001011  0
01001011  0
00111101  пробел
11010011  7
11010011  7
11010011  7
10001100  3
10101010  5
00111101  пробел
11010011  7
11010011  7
11010011  7
10001100  3
10101010  5
00111101  пробел
01000100 \
01000100  |
01000100  |
01000100  |
01000100  |
01000100  |
01000100  |
01000100  | стоп (?)
01000100  |
01000100  |
01000100  |
01000100  |
01000100  |
01000100  |
01000100  |
01000100  |
01000100  |
01000100  |
01000100 /  
